ellipse(200, 200, 200, 100);
line(190, 250, 190, 320);
line(210, 250, 210, 320);

ellipse(90, 100, 80, 60);
ellipse(80, 90, 20, 15);

line(100, 130, 120, 170);
line(115, 122, 135, 162);
line(200, 200, 230, 180);
line(200, 200, 230, 200);
line(200, 200, 230, 220);

line(300, 200, 330, 180);
line(300, 200, 330, 200);
line(300, 200, 330, 220);

triangle(20, 100, 50, 80, 50, 120);

line(180, 315, 190, 320);
line(180, 325, 190, 320);
line(180, 320, 190, 320);

line(200, 315, 210, 320);
line(200, 325, 210, 320);
line(200, 320, 210, 320);